maxcnt:99
cntdiff -1 0 1
0 0.00 0.993798828125 0.006201171875
1 0.006201171875 0.98759765625 0.006201171875
2 0.006201171875 0.98759765625 0.006201171875
3 0.006201171875 0.98759765625 0.006201171875
4 0.006201171875 0.98759765625 0.006201171875
5 0.006201171875 0.98759765625 0.006201171875
6 0.006201171875 0.98759765625 0.006201171875
7 0.006201171875 0.98759765625 0.006201171875
8 0.006201171875 0.98759765625 0.006201171875
9 0.006201171875 0.98759765625 0.006201171875
10 0.006201171875 0.98759765625 0.006201171875
11 0.006201171875 0.98759765625 0.006201171875
12 0.006201171875 0.98759765625 0.006201171875
13 0.006201171875 0.98759765625 0.006201171875
14 0.006201171875 0.98759765625 0.006201171875
15 0.006201171875 0.98759765625 0.006201171875
16 0.006201171875 0.98759765625 0.006201171875
17 0.006201171875 0.98759765625 0.006201171875
18 0.006201171875 0.98759765625 0.006201171875
19 0.006201171875 0.98759765625 0.006201171875
20 0.006201171875 0.98759765625 0.006201171875
21 0.006201171875 0.98759765625 0.006201171875
22 0.006201171875 0.98759765625 0.006201171875
23 0.006201171875 0.98759765625 0.006201171875
24 0.006201171875 0.98759765625 0.006201171875
25 0.006201171875 0.98759765625 0.006201171875
26 0.006201171875 0.98759765625 0.006201171875
27 0.006201171875 0.98759765625 0.006201171875
28 0.006201171875 0.98759765625 0.006201171875
29 0.006201171875 0.98759765625 0.006201171875
30 0.006201171875 0.98759765625 0.006201171875
31 0.006201171875 0.98759765625 0.006201171875
32 0.006201171875 0.98759765625 0.006201171875
33 0.006201171875 0.98759765625 0.006201171875
34 0.006201171875 0.98759765625 0.006201171875
35 0.006201171875 0.98759765625 0.006201171875
36 0.006201171875 0.98759765625 0.006201171875
37 0.006201171875 0.98759765625 0.006201171875
38 0.006201171875 0.98759765625 0.006201171875
39 0.006201171875 0.98759765625 0.006201171875
40 0.006201171875 0.98759765625 0.006201171875
41 0.006201171875 0.98759765625 0.006201171875
42 0.006201171875 0.98759765625 0.006201171875
43 0.006201171875 0.98759765625 0.006201171875
44 0.006201171875 0.98759765625 0.006201171875
45 0.006201171875 0.98759765625 0.006201171875
46 0.006201171875 0.98759765625 0.006201171875
47 0.006201171875 0.98759765625 0.006201171875
48 0.006201171875 0.98759765625 0.006201171875
49 0.006201171875 0.98759765625 0.006201171875
50 0.006201171875 0.98759765625 0.006201171875
51 0.006201171875 0.98759765625 0.006201171875
52 0.006201171875 0.98759765625 0.006201171875
53 0.006201171875 0.98759765625 0.006201171875
54 0.006201171875 0.98759765625 0.006201171875
55 0.006201171875 0.98759765625 0.006201171875
56 0.006201171875 0.98759765625 0.006201171875
57 0.006201171875 0.98759765625 0.006201171875
58 0.006201171875 0.98759765625 0.006201171875
59 0.006201171875 0.98759765625 0.006201171875
60 0.006201171875 0.98759765625 0.006201171875
61 0.006201171875 0.98759765625 0.006201171875
62 0.006201171875 0.98759765625 0.006201171875
63 0.006201171875 0.98759765625 0.006201171875
64 0.006201171875 0.98759765625 0.006201171875
65 0.006201171875 0.98759765625 0.006201171875
66 0.006201171875 0.98759765625 0.006201171875
67 0.006201171875 0.98759765625 0.006201171875
68 0.006201171875 0.98759765625 0.006201171875
69 0.006201171875 0.98759765625 0.006201171875
70 0.006201171875 0.98759765625 0.006201171875
71 0.006201171875 0.98759765625 0.006201171875
72 0.006201171875 0.98759765625 0.006201171875
73 0.006201171875 0.98759765625 0.006201171875
74 0.006201171875 0.98759765625 0.006201171875
75 0.006201171875 0.98759765625 0.006201171875
76 0.006201171875 0.98759765625 0.006201171875
77 0.006201171875 0.98759765625 0.006201171875
78 0.006201171875 0.98759765625 0.006201171875
79 0.006201171875 0.98759765625 0.006201171875
80 0.006201171875 0.98759765625 0.006201171875
81 0.006201171875 0.98759765625 0.006201171875
82 0.006201171875 0.98759765625 0.006201171875
83 0.006201171875 0.98759765625 0.006201171875
84 0.006201171875 0.98759765625 0.006201171875
85 0.006201171875 0.98759765625 0.006201171875
86 0.006201171875 0.98759765625 0.006201171875
87 0.006201171875 0.98759765625 0.006201171875
88 0.006201171875 0.98759765625 0.006201171875
89 0.006201171875 0.98759765625 0.006201171875
90 0.006201171875 0.98759765625 0.006201171875
91 0.006201171875 0.98759765625 0.006201171875
92 0.006201171875 0.98759765625 0.006201171875
93 0.006201171875 0.98759765625 0.006201171875
94 0.006201171875 0.98759765625 0.006201171875
95 0.006201171875 0.98759765625 0.006201171875
96 0.006201171875 0.98759765625 0.006201171875
97 0.006201171875 0.98759765625 0.006201171875
98 0.006201171875 0.98759765625 0.006201171875
99 0.006201171875 0.98759765625 0.006201171875