maxcnt:99
cntdiff -1 0 1
0 0.00 0.99375 0.00625
1 0.00625 0.9875 0.00625
2 0.00625 0.9875 0.00625
3 0.00625 0.9875 0.00625
4 0.00625 0.9875 0.00625
5 0.00625 0.9875 0.00625
6 0.00625 0.9875 0.00625
7 0.00625 0.9875 0.00625
8 0.00625 0.9875 0.00625
9 0.00625 0.9875 0.00625
10 0.00625 0.9875 0.00625
11 0.00625 0.9875 0.00625
12 0.00625 0.9875 0.00625
13 0.00625 0.9875 0.00625
14 0.00625 0.9875 0.00625
15 0.00625 0.9875 0.00625
16 0.00625 0.9875 0.00625
17 0.00625 0.9875 0.00625
18 0.00625 0.9875 0.00625
19 0.00625 0.9875 0.00625
20 0.00625 0.9875 0.00625
21 0.00625 0.9875 0.00625
22 0.00625 0.9875 0.00625
23 0.00625 0.9875 0.00625
24 0.00625 0.9875 0.00625
25 0.00625 0.9875 0.00625
26 0.00625 0.9875 0.00625
27 0.00625 0.9875 0.00625
28 0.00625 0.9875 0.00625
29 0.00625 0.9875 0.00625
30 0.00625 0.9875 0.00625
31 0.00625 0.9875 0.00625
32 0.00625 0.9875 0.00625
33 0.00625 0.9875 0.00625
34 0.00625 0.9875 0.00625
35 0.00625 0.9875 0.00625
36 0.00625 0.9875 0.00625
37 0.00625 0.9875 0.00625
38 0.00625 0.9875 0.00625
39 0.00625 0.9875 0.00625
40 0.00625 0.9875 0.00625
41 0.00625 0.9875 0.00625
42 0.00625 0.9875 0.00625
43 0.00625 0.9875 0.00625
44 0.00625 0.9875 0.00625
45 0.00625 0.9875 0.00625
46 0.00625 0.9875 0.00625
47 0.00625 0.9875 0.00625
48 0.00625 0.9875 0.00625
49 0.00625 0.9875 0.00625
50 0.00625 0.9875 0.00625
51 0.00625 0.9875 0.00625
52 0.00625 0.9875 0.00625
53 0.00625 0.9875 0.00625
54 0.00625 0.9875 0.00625
55 0.00625 0.9875 0.00625
56 0.00625 0.9875 0.00625
57 0.00625 0.9875 0.00625
58 0.00625 0.9875 0.00625
59 0.00625 0.9875 0.00625
60 0.00625 0.9875 0.00625
61 0.00625 0.9875 0.00625
62 0.00625 0.9875 0.00625
63 0.00625 0.9875 0.00625
64 0.00625 0.9875 0.00625
65 0.00625 0.9875 0.00625
66 0.00625 0.9875 0.00625
67 0.00625 0.9875 0.00625
68 0.00625 0.9875 0.00625
69 0.00625 0.9875 0.00625
70 0.00625 0.9875 0.00625
71 0.00625 0.9875 0.00625
72 0.00625 0.9875 0.00625
73 0.00625 0.9875 0.00625
74 0.00625 0.9875 0.00625
75 0.00625 0.9875 0.00625
76 0.00625 0.9875 0.00625
77 0.00625 0.9875 0.00625
78 0.00625 0.9875 0.00625
79 0.00625 0.9875 0.00625
80 0.00625 0.9875 0.00625
81 0.00625 0.9875 0.00625
82 0.00625 0.9875 0.00625
83 0.00625 0.9875 0.00625
84 0.00625 0.9875 0.00625
85 0.00625 0.9875 0.00625
86 0.00625 0.9875 0.00625
87 0.00625 0.9875 0.00625
88 0.00625 0.9875 0.00625
89 0.00625 0.9875 0.00625
90 0.00625 0.9875 0.00625
91 0.00625 0.9875 0.00625
92 0.00625 0.9875 0.00625
93 0.00625 0.9875 0.00625
94 0.00625 0.9875 0.00625
95 0.00625 0.9875 0.00625
96 0.00625 0.9875 0.00625
97 0.00625 0.9875 0.00625
98 0.00625 0.9875 0.00625
99 0.00625 0.9875 0.00625