maxcnt:99
cntdiff -1 0 1
0 0.00 0.996875 0.003125
1 0.003125 0.99375 0.003125
2 0.003125 0.99375 0.003125
3 0.003125 0.99375 0.003125
4 0.003125 0.99375 0.003125
5 0.003125 0.99375 0.003125
6 0.003125 0.99375 0.003125
7 0.003125 0.99375 0.003125
8 0.003125 0.99375 0.003125
9 0.003125 0.99375 0.003125
10 0.003125 0.99375 0.003125
11 0.003125 0.99375 0.003125
12 0.003125 0.99375 0.003125
13 0.003125 0.99375 0.003125
14 0.003125 0.99375 0.003125
15 0.003125 0.99375 0.003125
16 0.003125 0.99375 0.003125
17 0.003125 0.99375 0.003125
18 0.003125 0.99375 0.003125
19 0.003125 0.99375 0.003125
20 0.003125 0.99375 0.003125
21 0.003125 0.99375 0.003125
22 0.003125 0.99375 0.003125
23 0.003125 0.99375 0.003125
24 0.003125 0.99375 0.003125
25 0.003125 0.99375 0.003125
26 0.003125 0.99375 0.003125
27 0.003125 0.99375 0.003125
28 0.003125 0.99375 0.003125
29 0.003125 0.99375 0.003125
30 0.003125 0.99375 0.003125
31 0.003125 0.99375 0.003125
32 0.003125 0.99375 0.003125
33 0.003125 0.99375 0.003125
34 0.003125 0.99375 0.003125
35 0.003125 0.99375 0.003125
36 0.003125 0.99375 0.003125
37 0.003125 0.99375 0.003125
38 0.003125 0.99375 0.003125
39 0.003125 0.99375 0.003125
40 0.003125 0.99375 0.003125
41 0.003125 0.99375 0.003125
42 0.003125 0.99375 0.003125
43 0.003125 0.99375 0.003125
44 0.003125 0.99375 0.003125
45 0.003125 0.99375 0.003125
46 0.003125 0.99375 0.003125
47 0.003125 0.99375 0.003125
48 0.003125 0.99375 0.003125
49 0.003125 0.99375 0.003125
50 0.003125 0.99375 0.003125
51 0.003125 0.99375 0.003125
52 0.003125 0.99375 0.003125
53 0.003125 0.99375 0.003125
54 0.003125 0.99375 0.003125
55 0.003125 0.99375 0.003125
56 0.003125 0.99375 0.003125
57 0.003125 0.99375 0.003125
58 0.003125 0.99375 0.003125
59 0.003125 0.99375 0.003125
60 0.003125 0.99375 0.003125
61 0.003125 0.99375 0.003125
62 0.003125 0.99375 0.003125
63 0.003125 0.99375 0.003125
64 0.003125 0.99375 0.003125
65 0.003125 0.99375 0.003125
66 0.003125 0.99375 0.003125
67 0.003125 0.99375 0.003125
68 0.003125 0.99375 0.003125
69 0.003125 0.99375 0.003125
70 0.003125 0.99375 0.003125
71 0.003125 0.99375 0.003125
72 0.003125 0.99375 0.003125
73 0.003125 0.99375 0.003125
74 0.003125 0.99375 0.003125
75 0.003125 0.99375 0.003125
76 0.003125 0.99375 0.003125
77 0.003125 0.99375 0.003125
78 0.003125 0.99375 0.003125
79 0.003125 0.99375 0.003125
80 0.003125 0.99375 0.003125
81 0.003125 0.99375 0.003125
82 0.003125 0.99375 0.003125
83 0.003125 0.99375 0.003125
84 0.003125 0.99375 0.003125
85 0.003125 0.99375 0.003125
86 0.003125 0.99375 0.003125
87 0.003125 0.99375 0.003125
88 0.003125 0.99375 0.003125
89 0.003125 0.99375 0.003125
90 0.003125 0.99375 0.003125
91 0.003125 0.99375 0.003125
92 0.003125 0.99375 0.003125
93 0.003125 0.99375 0.003125
94 0.003125 0.99375 0.003125
95 0.003125 0.99375 0.003125
96 0.003125 0.99375 0.003125
97 0.003125 0.99375 0.003125
98 0.003125 0.99375 0.003125
99 0.003125 0.99375 0.003125