maxcnt:99
cntdiff -1 0 1
0 0.00 0.993725585937 0.0062744140625
1 0.0062744140625 0.987451171875 0.0062744140625
2 0.0062744140625 0.987451171875 0.0062744140625
3 0.0062744140625 0.987451171875 0.0062744140625
4 0.0062744140625 0.987451171875 0.0062744140625
5 0.0062744140625 0.987451171875 0.0062744140625
6 0.0062744140625 0.987451171875 0.0062744140625
7 0.0062744140625 0.987451171875 0.0062744140625
8 0.0062744140625 0.987451171875 0.0062744140625
9 0.0062744140625 0.987451171875 0.0062744140625
10 0.0062744140625 0.987451171875 0.0062744140625
11 0.0062744140625 0.987451171875 0.0062744140625
12 0.0062744140625 0.987451171875 0.0062744140625
13 0.0062744140625 0.987451171875 0.0062744140625
14 0.0062744140625 0.987451171875 0.0062744140625
15 0.0062744140625 0.987451171875 0.0062744140625
16 0.0062744140625 0.987451171875 0.0062744140625
17 0.0062744140625 0.987451171875 0.0062744140625
18 0.0062744140625 0.987451171875 0.0062744140625
19 0.0062744140625 0.987451171875 0.0062744140625
20 0.0062744140625 0.987451171875 0.0062744140625
21 0.0062744140625 0.987451171875 0.0062744140625
22 0.0062744140625 0.987451171875 0.0062744140625
23 0.0062744140625 0.987451171875 0.0062744140625
24 0.0062744140625 0.987451171875 0.0062744140625
25 0.0062744140625 0.987451171875 0.0062744140625
26 0.0062744140625 0.987451171875 0.0062744140625
27 0.0062744140625 0.987451171875 0.0062744140625
28 0.0062744140625 0.987451171875 0.0062744140625
29 0.0062744140625 0.987451171875 0.0062744140625
30 0.0062744140625 0.987451171875 0.0062744140625
31 0.0062744140625 0.987451171875 0.0062744140625
32 0.0062744140625 0.987451171875 0.0062744140625
33 0.0062744140625 0.987451171875 0.0062744140625
34 0.0062744140625 0.987451171875 0.0062744140625
35 0.0062744140625 0.987451171875 0.0062744140625
36 0.0062744140625 0.987451171875 0.0062744140625
37 0.0062744140625 0.987451171875 0.0062744140625
38 0.0062744140625 0.987451171875 0.0062744140625
39 0.0062744140625 0.987451171875 0.0062744140625
40 0.0062744140625 0.987451171875 0.0062744140625
41 0.0062744140625 0.987451171875 0.0062744140625
42 0.0062744140625 0.987451171875 0.0062744140625
43 0.0062744140625 0.987451171875 0.0062744140625
44 0.0062744140625 0.987451171875 0.0062744140625
45 0.0062744140625 0.987451171875 0.0062744140625
46 0.0062744140625 0.987451171875 0.0062744140625
47 0.0062744140625 0.987451171875 0.0062744140625
48 0.0062744140625 0.987451171875 0.0062744140625
49 0.0062744140625 0.987451171875 0.0062744140625
50 0.0062744140625 0.987451171875 0.0062744140625
51 0.0062744140625 0.987451171875 0.0062744140625
52 0.0062744140625 0.987451171875 0.0062744140625
53 0.0062744140625 0.987451171875 0.0062744140625
54 0.0062744140625 0.987451171875 0.0062744140625
55 0.0062744140625 0.987451171875 0.0062744140625
56 0.0062744140625 0.987451171875 0.0062744140625
57 0.0062744140625 0.987451171875 0.0062744140625
58 0.0062744140625 0.987451171875 0.0062744140625
59 0.0062744140625 0.987451171875 0.0062744140625
60 0.0062744140625 0.987451171875 0.0062744140625
61 0.0062744140625 0.987451171875 0.0062744140625
62 0.0062744140625 0.987451171875 0.0062744140625
63 0.0062744140625 0.987451171875 0.0062744140625
64 0.0062744140625 0.987451171875 0.0062744140625
65 0.0062744140625 0.987451171875 0.0062744140625
66 0.0062744140625 0.987451171875 0.0062744140625
67 0.0062744140625 0.987451171875 0.0062744140625
68 0.0062744140625 0.987451171875 0.0062744140625
69 0.0062744140625 0.987451171875 0.0062744140625
70 0.0062744140625 0.987451171875 0.0062744140625
71 0.0062744140625 0.987451171875 0.0062744140625
72 0.0062744140625 0.987451171875 0.0062744140625
73 0.0062744140625 0.987451171875 0.0062744140625
74 0.0062744140625 0.987451171875 0.0062744140625
75 0.0062744140625 0.987451171875 0.0062744140625
76 0.0062744140625 0.987451171875 0.0062744140625
77 0.0062744140625 0.987451171875 0.0062744140625
78 0.0062744140625 0.987451171875 0.0062744140625
79 0.0062744140625 0.987451171875 0.0062744140625
80 0.0062744140625 0.987451171875 0.0062744140625
81 0.0062744140625 0.987451171875 0.0062744140625
82 0.0062744140625 0.987451171875 0.0062744140625
83 0.0062744140625 0.987451171875 0.0062744140625
84 0.0062744140625 0.987451171875 0.0062744140625
85 0.0062744140625 0.987451171875 0.0062744140625
86 0.0062744140625 0.987451171875 0.0062744140625
87 0.0062744140625 0.987451171875 0.0062744140625
88 0.0062744140625 0.987451171875 0.0062744140625
89 0.0062744140625 0.987451171875 0.0062744140625
90 0.0062744140625 0.987451171875 0.0062744140625
91 0.0062744140625 0.987451171875 0.0062744140625
92 0.0062744140625 0.987451171875 0.0062744140625
93 0.0062744140625 0.987451171875 0.0062744140625
94 0.0062744140625 0.987451171875 0.0062744140625
95 0.0062744140625 0.987451171875 0.0062744140625
96 0.0062744140625 0.987451171875 0.0062744140625
97 0.0062744140625 0.987451171875 0.0062744140625
98 0.0062744140625 0.987451171875 0.0062744140625
99 0.0062744140625 0.987451171875 0.0062744140625