maxcnt:99
cntdiff -1 0 1
0 0.00 0.993359375 0.006640625
1 0.006640625 0.98671875 0.006640625
2 0.006640625 0.98671875 0.006640625
3 0.006640625 0.98671875 0.006640625
4 0.006640625 0.98671875 0.006640625
5 0.006640625 0.98671875 0.006640625
6 0.006640625 0.98671875 0.006640625
7 0.006640625 0.98671875 0.006640625
8 0.006640625 0.98671875 0.006640625
9 0.006640625 0.98671875 0.006640625
10 0.006640625 0.98671875 0.006640625
11 0.006640625 0.98671875 0.006640625
12 0.006640625 0.98671875 0.006640625
13 0.006640625 0.98671875 0.006640625
14 0.006640625 0.98671875 0.006640625
15 0.006640625 0.98671875 0.006640625
16 0.006640625 0.98671875 0.006640625
17 0.006640625 0.98671875 0.006640625
18 0.006640625 0.98671875 0.006640625
19 0.006640625 0.98671875 0.006640625
20 0.006640625 0.98671875 0.006640625
21 0.006640625 0.98671875 0.006640625
22 0.006640625 0.98671875 0.006640625
23 0.006640625 0.98671875 0.006640625
24 0.006640625 0.98671875 0.006640625
25 0.006640625 0.98671875 0.006640625
26 0.006640625 0.98671875 0.006640625
27 0.006640625 0.98671875 0.006640625
28 0.006640625 0.98671875 0.006640625
29 0.006640625 0.98671875 0.006640625
30 0.006640625 0.98671875 0.006640625
31 0.006640625 0.98671875 0.006640625
32 0.006640625 0.98671875 0.006640625
33 0.006640625 0.98671875 0.006640625
34 0.006640625 0.98671875 0.006640625
35 0.006640625 0.98671875 0.006640625
36 0.006640625 0.98671875 0.006640625
37 0.006640625 0.98671875 0.006640625
38 0.006640625 0.98671875 0.006640625
39 0.006640625 0.98671875 0.006640625
40 0.006640625 0.98671875 0.006640625
41 0.006640625 0.98671875 0.006640625
42 0.006640625 0.98671875 0.006640625
43 0.006640625 0.98671875 0.006640625
44 0.006640625 0.98671875 0.006640625
45 0.006640625 0.98671875 0.006640625
46 0.006640625 0.98671875 0.006640625
47 0.006640625 0.98671875 0.006640625
48 0.006640625 0.98671875 0.006640625
49 0.006640625 0.98671875 0.006640625
50 0.006640625 0.98671875 0.006640625
51 0.006640625 0.98671875 0.006640625
52 0.006640625 0.98671875 0.006640625
53 0.006640625 0.98671875 0.006640625
54 0.006640625 0.98671875 0.006640625
55 0.006640625 0.98671875 0.006640625
56 0.006640625 0.98671875 0.006640625
57 0.006640625 0.98671875 0.006640625
58 0.006640625 0.98671875 0.006640625
59 0.006640625 0.98671875 0.006640625
60 0.006640625 0.98671875 0.006640625
61 0.006640625 0.98671875 0.006640625
62 0.006640625 0.98671875 0.006640625
63 0.006640625 0.98671875 0.006640625
64 0.006640625 0.98671875 0.006640625
65 0.006640625 0.98671875 0.006640625
66 0.006640625 0.98671875 0.006640625
67 0.006640625 0.98671875 0.006640625
68 0.006640625 0.98671875 0.006640625
69 0.006640625 0.98671875 0.006640625
70 0.006640625 0.98671875 0.006640625
71 0.006640625 0.98671875 0.006640625
72 0.006640625 0.98671875 0.006640625
73 0.006640625 0.98671875 0.006640625
74 0.006640625 0.98671875 0.006640625
75 0.006640625 0.98671875 0.006640625
76 0.006640625 0.98671875 0.006640625
77 0.006640625 0.98671875 0.006640625
78 0.006640625 0.98671875 0.006640625
79 0.006640625 0.98671875 0.006640625
80 0.006640625 0.98671875 0.006640625
81 0.006640625 0.98671875 0.006640625
82 0.006640625 0.98671875 0.006640625
83 0.006640625 0.98671875 0.006640625
84 0.006640625 0.98671875 0.006640625
85 0.006640625 0.98671875 0.006640625
86 0.006640625 0.98671875 0.006640625
87 0.006640625 0.98671875 0.006640625
88 0.006640625 0.98671875 0.006640625
89 0.006640625 0.98671875 0.006640625
90 0.006640625 0.98671875 0.006640625
91 0.006640625 0.98671875 0.006640625
92 0.006640625 0.98671875 0.006640625
93 0.006640625 0.98671875 0.006640625
94 0.006640625 0.98671875 0.006640625
95 0.006640625 0.98671875 0.006640625
96 0.006640625 0.98671875 0.006640625
97 0.006640625 0.98671875 0.006640625
98 0.006640625 0.98671875 0.006640625
99 0.006640625 0.98671875 0.006640625