maxcnt:99
cntdiff -1 0 1
0 0.00 0.99453125 0.00546875
1 0.00546875 0.9890625 0.00546875
2 0.00546875 0.9890625 0.00546875
3 0.00546875 0.9890625 0.00546875
4 0.00546875 0.9890625 0.00546875
5 0.00546875 0.9890625 0.00546875
6 0.00546875 0.9890625 0.00546875
7 0.00546875 0.9890625 0.00546875
8 0.00546875 0.9890625 0.00546875
9 0.00546875 0.9890625 0.00546875
10 0.00546875 0.9890625 0.00546875
11 0.00546875 0.9890625 0.00546875
12 0.00546875 0.9890625 0.00546875
13 0.00546875 0.9890625 0.00546875
14 0.00546875 0.9890625 0.00546875
15 0.00546875 0.9890625 0.00546875
16 0.00546875 0.9890625 0.00546875
17 0.00546875 0.9890625 0.00546875
18 0.00546875 0.9890625 0.00546875
19 0.00546875 0.9890625 0.00546875
20 0.00546875 0.9890625 0.00546875
21 0.00546875 0.9890625 0.00546875
22 0.00546875 0.9890625 0.00546875
23 0.00546875 0.9890625 0.00546875
24 0.00546875 0.9890625 0.00546875
25 0.00546875 0.9890625 0.00546875
26 0.00546875 0.9890625 0.00546875
27 0.00546875 0.9890625 0.00546875
28 0.00546875 0.9890625 0.00546875
29 0.00546875 0.9890625 0.00546875
30 0.00546875 0.9890625 0.00546875
31 0.00546875 0.9890625 0.00546875
32 0.00546875 0.9890625 0.00546875
33 0.00546875 0.9890625 0.00546875
34 0.00546875 0.9890625 0.00546875
35 0.00546875 0.9890625 0.00546875
36 0.00546875 0.9890625 0.00546875
37 0.00546875 0.9890625 0.00546875
38 0.00546875 0.9890625 0.00546875
39 0.00546875 0.9890625 0.00546875
40 0.00546875 0.9890625 0.00546875
41 0.00546875 0.9890625 0.00546875
42 0.00546875 0.9890625 0.00546875
43 0.00546875 0.9890625 0.00546875
44 0.00546875 0.9890625 0.00546875
45 0.00546875 0.9890625 0.00546875
46 0.00546875 0.9890625 0.00546875
47 0.00546875 0.9890625 0.00546875
48 0.00546875 0.9890625 0.00546875
49 0.00546875 0.9890625 0.00546875
50 0.00546875 0.9890625 0.00546875
51 0.00546875 0.9890625 0.00546875
52 0.00546875 0.9890625 0.00546875
53 0.00546875 0.9890625 0.00546875
54 0.00546875 0.9890625 0.00546875
55 0.00546875 0.9890625 0.00546875
56 0.00546875 0.9890625 0.00546875
57 0.00546875 0.9890625 0.00546875
58 0.00546875 0.9890625 0.00546875
59 0.00546875 0.9890625 0.00546875
60 0.00546875 0.9890625 0.00546875
61 0.00546875 0.9890625 0.00546875
62 0.00546875 0.9890625 0.00546875
63 0.00546875 0.9890625 0.00546875
64 0.00546875 0.9890625 0.00546875
65 0.00546875 0.9890625 0.00546875
66 0.00546875 0.9890625 0.00546875
67 0.00546875 0.9890625 0.00546875
68 0.00546875 0.9890625 0.00546875
69 0.00546875 0.9890625 0.00546875
70 0.00546875 0.9890625 0.00546875
71 0.00546875 0.9890625 0.00546875
72 0.00546875 0.9890625 0.00546875
73 0.00546875 0.9890625 0.00546875
74 0.00546875 0.9890625 0.00546875
75 0.00546875 0.9890625 0.00546875
76 0.00546875 0.9890625 0.00546875
77 0.00546875 0.9890625 0.00546875
78 0.00546875 0.9890625 0.00546875
79 0.00546875 0.9890625 0.00546875
80 0.00546875 0.9890625 0.00546875
81 0.00546875 0.9890625 0.00546875
82 0.00546875 0.9890625 0.00546875
83 0.00546875 0.9890625 0.00546875
84 0.00546875 0.9890625 0.00546875
85 0.00546875 0.9890625 0.00546875
86 0.00546875 0.9890625 0.00546875
87 0.00546875 0.9890625 0.00546875
88 0.00546875 0.9890625 0.00546875
89 0.00546875 0.9890625 0.00546875
90 0.00546875 0.9890625 0.00546875
91 0.00546875 0.9890625 0.00546875
92 0.00546875 0.9890625 0.00546875
93 0.00546875 0.9890625 0.00546875
94 0.00546875 0.9890625 0.00546875
95 0.00546875 0.9890625 0.00546875
96 0.00546875 0.9890625 0.00546875
97 0.00546875 0.9890625 0.00546875
98 0.00546875 0.9890625 0.00546875
99 0.00546875 0.9890625 0.00546875