maxcnt:99
cntdiff -1 0 1
0 0.00 0.993762207031 0.00623779296875
1 0.00623779296875 0.987524414063 0.00623779296875
2 0.00623779296875 0.987524414063 0.00623779296875
3 0.00623779296875 0.987524414063 0.00623779296875
4 0.00623779296875 0.987524414063 0.00623779296875
5 0.00623779296875 0.987524414063 0.00623779296875
6 0.00623779296875 0.987524414063 0.00623779296875
7 0.00623779296875 0.987524414063 0.00623779296875
8 0.00623779296875 0.987524414063 0.00623779296875
9 0.00623779296875 0.987524414063 0.00623779296875
10 0.00623779296875 0.987524414063 0.00623779296875
11 0.00623779296875 0.987524414063 0.00623779296875
12 0.00623779296875 0.987524414063 0.00623779296875
13 0.00623779296875 0.987524414063 0.00623779296875
14 0.00623779296875 0.987524414063 0.00623779296875
15 0.00623779296875 0.987524414063 0.00623779296875
16 0.00623779296875 0.987524414063 0.00623779296875
17 0.00623779296875 0.987524414063 0.00623779296875
18 0.00623779296875 0.987524414063 0.00623779296875
19 0.00623779296875 0.987524414063 0.00623779296875
20 0.00623779296875 0.987524414063 0.00623779296875
21 0.00623779296875 0.987524414063 0.00623779296875
22 0.00623779296875 0.987524414063 0.00623779296875
23 0.00623779296875 0.987524414063 0.00623779296875
24 0.00623779296875 0.987524414063 0.00623779296875
25 0.00623779296875 0.987524414063 0.00623779296875
26 0.00623779296875 0.987524414063 0.00623779296875
27 0.00623779296875 0.987524414063 0.00623779296875
28 0.00623779296875 0.987524414063 0.00623779296875
29 0.00623779296875 0.987524414063 0.00623779296875
30 0.00623779296875 0.987524414063 0.00623779296875
31 0.00623779296875 0.987524414063 0.00623779296875
32 0.00623779296875 0.987524414063 0.00623779296875
33 0.00623779296875 0.987524414063 0.00623779296875
34 0.00623779296875 0.987524414063 0.00623779296875
35 0.00623779296875 0.987524414063 0.00623779296875
36 0.00623779296875 0.987524414063 0.00623779296875
37 0.00623779296875 0.987524414063 0.00623779296875
38 0.00623779296875 0.987524414063 0.00623779296875
39 0.00623779296875 0.987524414063 0.00623779296875
40 0.00623779296875 0.987524414063 0.00623779296875
41 0.00623779296875 0.987524414063 0.00623779296875
42 0.00623779296875 0.987524414063 0.00623779296875
43 0.00623779296875 0.987524414063 0.00623779296875
44 0.00623779296875 0.987524414063 0.00623779296875
45 0.00623779296875 0.987524414063 0.00623779296875
46 0.00623779296875 0.987524414063 0.00623779296875
47 0.00623779296875 0.987524414063 0.00623779296875
48 0.00623779296875 0.987524414063 0.00623779296875
49 0.00623779296875 0.987524414063 0.00623779296875
50 0.00623779296875 0.987524414063 0.00623779296875
51 0.00623779296875 0.987524414063 0.00623779296875
52 0.00623779296875 0.987524414063 0.00623779296875
53 0.00623779296875 0.987524414063 0.00623779296875
54 0.00623779296875 0.987524414063 0.00623779296875
55 0.00623779296875 0.987524414063 0.00623779296875
56 0.00623779296875 0.987524414063 0.00623779296875
57 0.00623779296875 0.987524414063 0.00623779296875
58 0.00623779296875 0.987524414063 0.00623779296875
59 0.00623779296875 0.987524414063 0.00623779296875
60 0.00623779296875 0.987524414063 0.00623779296875
61 0.00623779296875 0.987524414063 0.00623779296875
62 0.00623779296875 0.987524414063 0.00623779296875
63 0.00623779296875 0.987524414063 0.00623779296875
64 0.00623779296875 0.987524414063 0.00623779296875
65 0.00623779296875 0.987524414063 0.00623779296875
66 0.00623779296875 0.987524414063 0.00623779296875
67 0.00623779296875 0.987524414063 0.00623779296875
68 0.00623779296875 0.987524414063 0.00623779296875
69 0.00623779296875 0.987524414063 0.00623779296875
70 0.00623779296875 0.987524414063 0.00623779296875
71 0.00623779296875 0.987524414063 0.00623779296875
72 0.00623779296875 0.987524414063 0.00623779296875
73 0.00623779296875 0.987524414063 0.00623779296875
74 0.00623779296875 0.987524414063 0.00623779296875
75 0.00623779296875 0.987524414063 0.00623779296875
76 0.00623779296875 0.987524414063 0.00623779296875
77 0.00623779296875 0.987524414063 0.00623779296875
78 0.00623779296875 0.987524414063 0.00623779296875
79 0.00623779296875 0.987524414063 0.00623779296875
80 0.00623779296875 0.987524414063 0.00623779296875
81 0.00623779296875 0.987524414063 0.00623779296875
82 0.00623779296875 0.987524414063 0.00623779296875
83 0.00623779296875 0.987524414063 0.00623779296875
84 0.00623779296875 0.987524414063 0.00623779296875
85 0.00623779296875 0.987524414063 0.00623779296875
86 0.00623779296875 0.987524414063 0.00623779296875
87 0.00623779296875 0.987524414063 0.00623779296875
88 0.00623779296875 0.987524414063 0.00623779296875
89 0.00623779296875 0.987524414063 0.00623779296875
90 0.00623779296875 0.987524414063 0.00623779296875
91 0.00623779296875 0.987524414063 0.00623779296875
92 0.00623779296875 0.987524414063 0.00623779296875
93 0.00623779296875 0.987524414063 0.00623779296875
94 0.00623779296875 0.987524414063 0.00623779296875
95 0.00623779296875 0.987524414063 0.00623779296875
96 0.00623779296875 0.987524414063 0.00623779296875
97 0.00623779296875 0.987524414063 0.00623779296875
98 0.00623779296875 0.987524414063 0.00623779296875
99 0.00623779296875 0.987524414063 0.00623779296875