maxcnt:99
cntdiff -1 0 1
0 0.00 0.9939453125 0.0060546875
1 0.0060546875 0.987890625 0.0060546875
2 0.0060546875 0.987890625 0.0060546875
3 0.0060546875 0.987890625 0.0060546875
4 0.0060546875 0.987890625 0.0060546875
5 0.0060546875 0.987890625 0.0060546875
6 0.0060546875 0.987890625 0.0060546875
7 0.0060546875 0.987890625 0.0060546875
8 0.0060546875 0.987890625 0.0060546875
9 0.0060546875 0.987890625 0.0060546875
10 0.0060546875 0.987890625 0.0060546875
11 0.0060546875 0.987890625 0.0060546875
12 0.0060546875 0.987890625 0.0060546875
13 0.0060546875 0.987890625 0.0060546875
14 0.0060546875 0.987890625 0.0060546875
15 0.0060546875 0.987890625 0.0060546875
16 0.0060546875 0.987890625 0.0060546875
17 0.0060546875 0.987890625 0.0060546875
18 0.0060546875 0.987890625 0.0060546875
19 0.0060546875 0.987890625 0.0060546875
20 0.0060546875 0.987890625 0.0060546875
21 0.0060546875 0.987890625 0.0060546875
22 0.0060546875 0.987890625 0.0060546875
23 0.0060546875 0.987890625 0.0060546875
24 0.0060546875 0.987890625 0.0060546875
25 0.0060546875 0.987890625 0.0060546875
26 0.0060546875 0.987890625 0.0060546875
27 0.0060546875 0.987890625 0.0060546875
28 0.0060546875 0.987890625 0.0060546875
29 0.0060546875 0.987890625 0.0060546875
30 0.0060546875 0.987890625 0.0060546875
31 0.0060546875 0.987890625 0.0060546875
32 0.0060546875 0.987890625 0.0060546875
33 0.0060546875 0.987890625 0.0060546875
34 0.0060546875 0.987890625 0.0060546875
35 0.0060546875 0.987890625 0.0060546875
36 0.0060546875 0.987890625 0.0060546875
37 0.0060546875 0.987890625 0.0060546875
38 0.0060546875 0.987890625 0.0060546875
39 0.0060546875 0.987890625 0.0060546875
40 0.0060546875 0.987890625 0.0060546875
41 0.0060546875 0.987890625 0.0060546875
42 0.0060546875 0.987890625 0.0060546875
43 0.0060546875 0.987890625 0.0060546875
44 0.0060546875 0.987890625 0.0060546875
45 0.0060546875 0.987890625 0.0060546875
46 0.0060546875 0.987890625 0.0060546875
47 0.0060546875 0.987890625 0.0060546875
48 0.0060546875 0.987890625 0.0060546875
49 0.0060546875 0.987890625 0.0060546875
50 0.0060546875 0.987890625 0.0060546875
51 0.0060546875 0.987890625 0.0060546875
52 0.0060546875 0.987890625 0.0060546875
53 0.0060546875 0.987890625 0.0060546875
54 0.0060546875 0.987890625 0.0060546875
55 0.0060546875 0.987890625 0.0060546875
56 0.0060546875 0.987890625 0.0060546875
57 0.0060546875 0.987890625 0.0060546875
58 0.0060546875 0.987890625 0.0060546875
59 0.0060546875 0.987890625 0.0060546875
60 0.0060546875 0.987890625 0.0060546875
61 0.0060546875 0.987890625 0.0060546875
62 0.0060546875 0.987890625 0.0060546875
63 0.0060546875 0.987890625 0.0060546875
64 0.0060546875 0.987890625 0.0060546875
65 0.0060546875 0.987890625 0.0060546875
66 0.0060546875 0.987890625 0.0060546875
67 0.0060546875 0.987890625 0.0060546875
68 0.0060546875 0.987890625 0.0060546875
69 0.0060546875 0.987890625 0.0060546875
70 0.0060546875 0.987890625 0.0060546875
71 0.0060546875 0.987890625 0.0060546875
72 0.0060546875 0.987890625 0.0060546875
73 0.0060546875 0.987890625 0.0060546875
74 0.0060546875 0.987890625 0.0060546875
75 0.0060546875 0.987890625 0.0060546875
76 0.0060546875 0.987890625 0.0060546875
77 0.0060546875 0.987890625 0.0060546875
78 0.0060546875 0.987890625 0.0060546875
79 0.0060546875 0.987890625 0.0060546875
80 0.0060546875 0.987890625 0.0060546875
81 0.0060546875 0.987890625 0.0060546875
82 0.0060546875 0.987890625 0.0060546875
83 0.0060546875 0.987890625 0.0060546875
84 0.0060546875 0.987890625 0.0060546875
85 0.0060546875 0.987890625 0.0060546875
86 0.0060546875 0.987890625 0.0060546875
87 0.0060546875 0.987890625 0.0060546875
88 0.0060546875 0.987890625 0.0060546875
89 0.0060546875 0.987890625 0.0060546875
90 0.0060546875 0.987890625 0.0060546875
91 0.0060546875 0.987890625 0.0060546875
92 0.0060546875 0.987890625 0.0060546875
93 0.0060546875 0.987890625 0.0060546875
94 0.0060546875 0.987890625 0.0060546875
95 0.0060546875 0.987890625 0.0060546875
96 0.0060546875 0.987890625 0.0060546875
97 0.0060546875 0.987890625 0.0060546875
98 0.0060546875 0.987890625 0.0060546875
99 0.0060546875 0.987890625 0.0060546875